29 -16 210 
243 63 204 
73 63 70 
141 68 259 
184 66 175 
209 -48 222 
144 22 293 
131 26 232 
244 69 314 
92 34 246 
105 83 156 
302 -60 231 
154 -84 96 
198 52 287 
304 -63 275 
278 33 222 
263 -43 217 
43 22 290 
134 48 35 
236 -58 148 
54 -43 356 
152 -3 220 
337 11 230 
23 83 220 
64 -48 172 
297 -64 80 
75 19 1 
150 -78 21 
88 -66 350 
204 48 182 
168 77 254 
292 74 358 
281 -63 324 
70 -68 11 
211 50 91 
284 75 59 
142 86 67 
32 33 282 
341 30 282 
326 71 221 
353 -29 358 
26 -41 144 
307 17 253 
174 61 97 
87 -47 216 
212 71 273 
170 -88 100 
301 -12 184 
151 -64 149 
212 30 38 
4 -16 105 
333 63 134 
22 60 188 
222 84 196 
50 -79 321 
235 19 173 
143 38 114 
202 -44 162 
351 60 50 
178 -56 324 
314 -88 104 
101 -29 225 
264 -41 108 
272 -1 264 
47 62 204 
240 77 165 
141 -86 322 
207 -7 137 
344 52 326 
337 65 44 
336 53 76 
250 40 16 
137 -34 4 
55 -63 52 
125 -85 91 
288 45 12 
224 -21 116 
261 -14 51 
180 -21 171 
187 -83 275 
3 -51 331 
138 15 265 
127 -46 238 
35 54 183 
248 23 46 
195 -81 63 
148 -18 274 
350 -9 92 
55 3 247 
41 -62 357 
132 -74 163 
89 64 268 
295 -74 261 
293 -89 292 
203 10 59 
347 43 69 
108 -32 65 
350 34 71 
58 45 57 
120 15 351 
