347 81 115 
27 2 60 
199 90 31 
143 31 149 
205 77 60 
328 -73 32 
115 38 122 
286 22 318 
202 21 207 
146 -82 306 
136 6 321 
205 72 354 
308 -33 210 
165 36 197 
130 -68 180 
159 72 335 
285 -70 162 
123 6 136 
45 -75 94 
146 -38 115 
35 -2 202 
329 51 1 
65 60 288 
317 15 82 
289 -85 188 
357 -66 77 
272 78 51 
261 60 332 
89 63 278 
101 6 347 
221 -39 343 
163 2 8 
56 -66 51 
272 26 235 
216 87 347 
207 -67 1 
294 58 289 
75 0 75 
294 -6 238 
90 -69 204 
353 -33 220 
49 2 33 
12 -8 322 
290 73 295 
272 -44 0 
92 -73 330 
97 45 169 
20 4 216 
278 -21 48 
136 -2 246 
176 -28 125 
349 81 186 
320 14 262 
119 10 282 
35 -65 197 
217 -65 322 
63 86 204 
55 11 180 
154 38 357 
290 8 355 
149 -44 21 
146 78 41 
5 57 271 
77 35 0 
73 -67 94 
19 69 177 
293 -75 198 
339 -61 5 
83 -74 239 
55 -20 226 
89 80 23 
352 -86 35 
252 42 94 
152 80 354 
278 -4 53 
187 33 108 
255 30 58 
335 -33 282 
95 -75 301 
82 -65 279 
114 30 324 
23 -85 7 
212 -47 16 
244 80 133 
256 88 86 
224 -2 22 
358 40 238 
141 -48 165 
248 47 308 
198 74 224 
277 -20 154 
321 71 275 
25 -78 68 
141 77 286 
320 17 137 
61 -10 165 
338 -64 8 
36 -16 282 
136 -62 99 
122 15 42 
