279 68 359 
187 84 214 
241 -9 181 
193 -23 225 
345 -66 253 
235 -19 141 
350 44 201 
76 31 346 
73 54 11 
83 41 76 
297 60 156 
36 -75 270 
213 -64 279 
44 88 67 
44 44 314 
191 -29 291 
3 87 59 
209 -40 126 
159 -3 56 
51 57 176 
339 -39 267 
346 -3 225 
192 -10 348 
71 89 182 
205 -38 12 
184 -52 245 
107 66 202 
339 -34 332 
285 -27 156 
209 -20 334 
73 -23 62 
215 -70 63 
214 50 105 
13 42 130 
173 -62 97 
272 -65 184 
6 -82 142 
101 56 314 
223 -72 131 
232 -26 273 
325 90 222 
246 14 174 
293 -26 205 
195 40 227 
292 86 41 
228 58 204 
136 -41 151 
241 -31 141 
86 -81 33 
126 -2 47 
277 6 161 
324 -80 259 
219 -63 344 
237 -16 41 
264 79 55 
211 -31 152 
128 -51 89 
345 -73 260 
4 37 66 
298 24 283 
120 -13 93 
259 81 164 
83 46 358 
254 -85 181 
285 63 184 
207 24 164 
51 50 224 
264 65 207 
200 45 142 
216 83 43 
84 18 109 
322 4 163 
13 54 103 
334 -2 339 
350 -53 6 
108 84 289 
29 -31 160 
139 11 339 
337 11 204 
336 30 332 
141 -56 34 
205 75 193 
337 1 19 
201 17 231 
273 8 178 
177 -73 163 
112 37 113 
215 -33 240 
83 -22 174 
196 62 291 
136 -5 348 
180 88 207 
255 -4 224 
20 51 325 
104 49 66 
197 72 354 
93 89 304 
228 -55 131 
291 -81 134 
88 -83 270 
