355 -36 227 
283 -76 126 
153 -12 299 
164 10 356 
28 -33 208 
325 -18 67 
180 -27 240 
25 -48 277 
299 -23 8 
254 -1 286 
166 -26 332 
250 32 17 
287 53 198 
138 7 177 
346 -77 107 
140 -25 68 
328 -57 171 
183 -61 128 
334 -8 321 
175 -1 210 
202 50 175 
177 -14 338 
148 -19 222 
301 -20 41 
83 23 90 
224 85 103 
266 -43 109 
205 37 101 
287 11 97 
98 69 157 
344 44 255 
314 -24 159 
358 -38 315 
189 -14 164 
48 -72 260 
143 -6 40 
214 31 294 
112 -30 268 
202 14 84 
202 -11 38 
298 -2 259 
55 49 122 
79 81 88 
262 77 237 
41 37 267 
283 4 258 
274 -65 58 
105 33 30 
278 -23 318 
347 -65 300 
354 -30 13 
148 -77 130 
71 -58 337 
258 66 185 
106 45 72 
133 -83 161 
29 80 106 
80 -44 133 
181 90 315 
139 70 117 
173 -21 219 
13 67 159 
290 63 313 
116 -7 328 
68 71 1 
311 -62 106 
62 -59 289 
91 55 240 
113 57 117 
126 15 335 
190 37 128 
342 -38 42 
84 79 165 
282 62 192 
216 -38 124 
0 -81 344 
206 -35 114 
208 -15 182 
309 65 32 
291 23 169 
27 51 253 
149 47 312 
208 -46 45 
77 -63 148 
257 -89 167 
40 -49 177 
170 6 285 
59 60 85 
156 -12 293 
89 -59 301 
154 -29 65 
12 78 356 
339 -62 317 
314 33 42 
230 45 141 
178 21 305 
162 -34 316 
129 55 80 
174 50 59 
115 -17 151 
