161 -36 212 
187 -36 115 
202 -41 45 
217 -20 328 
77 39 38 
310 -55 127 
355 -24 313 
296 -87 100 
268 -29 204 
208 41 133 
162 -5 353 
152 -77 68 
188 80 171 
152 89 30 
153 -71 58 
209 8 309 
173 -25 150 
111 31 231 
72 6 103 
124 -36 87 
223 -53 32 
79 -46 213 
159 41 74 
335 61 136 
286 -27 264 
249 4 142 
130 -18 267 
344 -72 297 
210 -20 112 
139 19 156 
205 20 343 
64 -80 299 
195 -83 36 
86 89 317 
43 0 95 
295 -68 153 
128 90 330 
212 -52 177 
269 3 38 
151 3 67 
349 59 342 
87 19 357 
236 28 281 
202 63 219 
249 -7 12 
29 -44 31 
237 10 139 
129 -83 308 
225 16 266 
42 -31 152 
87 -62 43 
26 34 356 
88 83 282 
164 -10 54 
341 -67 59 
140 78 17 
116 59 147 
131 -50 232 
193 -74 93 
234 27 188 
275 -41 0 
103 -8 71 
5 -17 218 
280 -42 140 
43 -64 288 
330 19 88 
339 -30 101 
81 -20 116 
164 -1 280 
226 -40 266 
188 -33 93 
135 32 259 
117 -42 183 
214 73 348 
193 48 295 
317 15 60 
270 61 250 
145 -83 199 
2 35 88 
30 -3 59 
179 -88 127 
313 -63 37 
141 -11 114 
331 29 45 
72 76 234 
329 -49 85 
48 53 48 
117 10 217 
146 -56 98 
330 39 5 
325 -69 211 
14 -8 150 
148 0 303 
37 -82 115 
273 -18 256 
265 -72 188 
323 56 39 
239 -14 3 
70 75 199 
351 52 210 
