163 -40 221 
60 45 217 
174 64 244 
259 -6 8 
81 59 19 
4 58 107 
193 85 103 
278 6 37 
310 -39 272 
353 52 313 
292 -74 259 
256 39 25 
355 -28 43 
335 41 229 
240 36 233 
72 81 226 
195 3 142 
285 -19 158 
29 20 339 
153 30 336 
80 39 36 
308 -51 120 
285 63 87 
24 -87 233 
251 -54 122 
251 -58 178 
209 -57 74 
14 80 27 
323 -48 58 
126 84 0 
181 -1 182 
64 -10 131 
15 8 341 
32 -57 225 
225 13 195 
269 2 326 
35 -18 359 
330 -32 312 
208 -75 226 
319 32 233 
275 -86 107 
154 19 203 
182 7 220 
14 -32 86 
53 -60 329 
23 -65 317 
225 -12 288 
68 -68 341 
277 -39 328 
229 -32 137 
12 26 48 
299 -76 101 
136 -83 325 
282 -87 130 
275 23 166 
327 33 248 
267 72 98 
178 56 259 
18 -21 244 
98 5 194 
352 9 358 
322 -4 231 
67 -9 134 
65 -23 73 
39 70 189 
72 57 311 
73 89 275 
161 -41 142 
14 -40 185 
289 71 240 
301 -66 330 
336 -53 168 
203 27 305 
337 -62 218 
247 -32 242 
125 -48 37 
338 -29 306 
135 50 59 
262 57 30 
182 9 203 
201 3 319 
267 -2 54 
170 30 358 
114 -62 119 
51 10 259 
127 35 333 
17 61 64 
229 -71 199 
78 -27 141 
328 50 39 
86 -19 330 
25 -70 275 
274 48 50 
4 74 247 
42 -85 270 
77 69 323 
68 3 269 
264 -79 312 
210 -10 71 
326 40 119 
