15 -45 163 
35 -69 284 
334 -51 4 
85 -57 208 
308 74 299 
83 25 171 
51 4 334 
34 75 91 
73 17 49 
183 17 338 
336 9 219 
356 -33 13 
63 49 122 
93 68 157 
252 12 18 
154 35 187 
72 -31 101 
207 7 298 
17 -61 166 
240 -67 34 
86 84 84 
42 20 254 
92 -43 88 
321 -88 12 
82 -76 280 
71 -59 39 
238 26 198 
163 -30 54 
151 -73 275 
144 -35 129 
261 71 128 
257 -83 302 
35 -20 227 
189 57 22 
230 -2 296 
35 -79 74 
248 16 186 
204 -89 193 
28 -7 329 
126 27 178 
138 52 155 
116 77 237 
148 28 50 
75 68 170 
216 -9 324 
198 25 58 
216 46 26 
357 -44 262 
202 87 292 
71 29 251 
1 -18 78 
241 -56 159 
90 -82 232 
185 -49 182 
87 57 186 
86 52 141 
86 57 236 
206 2 84 
146 17 223 
54 -37 82 
296 45 39 
222 42 159 
264 6 157 
42 14 98 
340 -45 261 
260 4 239 
125 -40 69 
320 63 95 
181 9 353 
259 43 277 
207 70 76 
20 67 245 
116 24 109 
295 -48 51 
278 -77 47 
114 3 94 
21 58 10 
54 -77 128 
59 51 190 
294 -35 321 
315 15 250 
270 -36 345 
148 -39 175 
337 -6 108 
44 -66 314 
4 -33 107 
354 47 204 
173 26 20 
354 5 86 
318 26 359 
288 82 238 
307 -73 317 
46 -74 117 
28 17 159 
28 -60 29 
133 -72 279 
306 -26 158 
31 5 155 
70 -33 139 
48 -61 289 
