305 -62 122 
120 -28 299 
234 71 339 
102 35 69 
346 -34 205 
259 -50 47 
94 69 279 
247 86 195 
5 -19 143 
91 51 152 
266 -41 78 
26 -44 96 
63 32 57 
129 -47 110 
239 -73 44 
91 -74 113 
55 -88 200 
156 64 353 
106 -66 286 
22 81 330 
1 18 101 
219 -25 26 
200 -60 193 
354 57 56 
320 -20 154 
30 -19 25 
205 64 56 
249 53 263 
270 1 349 
221 35 36 
144 84 238 
153 34 250 
161 -85 9 
50 -67 272 
264 72 87 
86 -52 245 
290 32 264 
70 8 350 
161 -41 66 
351 18 40 
236 -31 301 
241 -43 160 
342 40 279 
262 20 243 
80 78 78 
34 -64 185 
66 -6 39 
346 5 254 
234 15 50 
271 -78 127 
324 -2 223 
89 75 3 
348 -71 313 
335 -29 160 
162 55 76 
268 86 180 
297 -25 162 
23 61 212 
229 -83 22 
73 19 275 
276 45 69 
200 -48 99 
164 20 135 
154 -31 186 
157 -75 99 
90 -33 264 
258 -83 234 
150 0 142 
352 83 196 
116 -5 301 
108 -84 65 
78 -25 83 
293 -67 130 
260 -64 279 
83 41 52 
309 60 228 
309 67 15 
35 33 359 
320 86 231 
349 -48 340 
70 10 193 
261 30 42 
335 67 230 
189 -87 1 
106 73 330 
81 46 335 
36 -9 163 
350 13 234 
206 13 44 
118 18 229 
276 35 153 
127 82 327 
265 -74 116 
266 57 151 
156 -67 354 
230 -55 96 
154 12 97 
303 71 170 
132 30 324 
301 55 350 
