151 -19 62 
18 -67 135 
356 -34 238 
334 -82 13 
54 85 1 
318 86 160 
169 -30 185 
91 -76 288 
79 19 141 
220 47 311 
49 45 65 
134 -82 159 
34 0 238 
195 -60 249 
263 -50 175 
167 -83 172 
2 75 184 
141 42 344 
211 -82 190 
249 -12 301 
117 -55 236 
317 -9 223 
52 -40 267 
183 -67 257 
6 16 227 
77 3 62 
282 -35 115 
122 35 21 
274 49 139 
114 28 190 
33 56 120 
123 -75 220 
89 52 220 
100 28 102 
226 -30 44 
12 -75 324 
99 6 166 
23 85 259 
175 61 242 
90 88 328 
75 13 5 
42 -45 79 
0 -23 151 
138 -57 143 
319 3 354 
219 72 94 
116 -26 293 
177 -49 170 
57 -86 294 
116 -73 160 
118 -12 340 
93 -17 151 
152 -5 58 
167 -61 179 
257 -3 156 
302 2 206 
141 -88 295 
130 61 330 
166 -35 227 
114 -42 275 
80 59 82 
154 0 183 
47 -55 19 
352 17 111 
164 83 98 
49 -84 179 
355 67 323 
350 64 55 
107 -47 41 
89 18 302 
313 -71 17 
35 55 158 
315 -4 3 
311 1 92 
55 -20 275 
25 -7 354 
103 -37 177 
38 -55 155 
270 40 155 
178 6 47 
14 -54 253 
172 -50 79 
116 77 153 
102 37 85 
187 -4 127 
25 77 150 
55 37 66 
11 -12 283 
163 10 241 
261 3 120 
355 18 283 
239 63 307 
29 55 245 
57 89 127 
195 11 17 
309 -67 353 
119 -35 292 
38 -82 268 
208 -25 15 
242 73 157 
