348 30 39 
98 -73 81 
13 64 319 
167 76 19 
56 -80 82 
281 5 238 
315 73 62 
204 -56 246 
157 -36 17 
12 -48 276 
226 66 204 
312 -71 0 
25 18 204 
216 11 221 
235 54 201 
99 84 92 
315 47 275 
131 0 325 
302 -25 300 
224 86 204 
55 -40 93 
233 53 214 
5 -23 137 
172 28 271 
337 -22 139 
225 70 149 
9 76 39 
324 90 180 
259 -81 208 
181 -46 273 
304 -57 25 
131 -10 254 
327 8 164 
110 -69 95 
310 57 142 
281 -3 334 
267 38 145 
15 -44 200 
94 -57 200 
185 59 94 
357 60 348 
290 27 117 
207 55 332 
20 74 338 
246 -23 311 
92 37 310 
177 -70 17 
155 36 35 
206 -1 301 
170 27 175 
228 -56 139 
180 -78 83 
111 -58 157 
192 47 224 
85 84 148 
346 -54 64 
331 -73 217 
209 -12 234 
139 13 93 
49 13 65 
339 -19 92 
163 63 339 
304 34 33 
0 4 52 
285 50 288 
57 -73 116 
205 -45 259 
1 35 133 
132 89 316 
61 -85 64 
146 -32 65 
220 -81 111 
188 32 18 
167 -14 219 
228 -52 197 
248 70 102 
234 -55 240 
215 -42 296 
356 -59 61 
24 -75 346 
276 -15 260 
28 11 281 
30 76 148 
318 -57 212 
141 79 94 
214 29 227 
315 41 198 
173 18 184 
307 -44 138 
112 63 199 
302 48 165 
126 19 179 
54 74 312 
46 83 257 
156 16 194 
321 -53 258 
152 77 215 
298 -1 181 
325 -16 350 
283 -78 41 
