62 -30 149 
315 20 295 
30 -75 347 
188 -80 50 
294 50 141 
49 -22 85 
307 37 231 
350 -84 54 
129 51 353 
342 -72 315 
357 50 140 
238 66 169 
233 -29 172 
234 81 6 
100 -67 296 
345 -2 57 
137 -82 170 
354 81 221 
232 -39 357 
47 -54 151 
190 -50 174 
67 4 254 
212 -31 347 
90 80 56 
244 -59 214 
69 -37 273 
121 -61 185 
223 -45 43 
305 -48 270 
149 87 99 
97 -72 227 
105 82 309 
341 -12 134 
355 7 21 
222 -17 230 
61 -47 38 
120 59 287 
65 7 28 
122 -32 20 
25 -33 10 
292 4 105 
310 75 108 
67 -78 68 
10 -36 230 
257 -13 94 
251 41 308 
47 79 355 
220 58 120 
253 -70 327 
180 6 247 
235 14 301 
134 -38 241 
162 -14 229 
145 -73 237 
24 -46 215 
249 -46 65 
261 -59 26 
210 13 243 
329 -46 348 
284 -81 141 
210 40 60 
352 -18 302 
248 49 285 
144 2 113 
66 -24 316 
47 -79 198 
354 47 22 
163 61 58 
39 -16 205 
42 -37 93 
342 -77 325 
263 -20 271 
141 -41 309 
333 -1 109 
209 -54 83 
24 83 201 
346 -5 261 
1 -44 208 
139 77 243 
251 -48 272 
264 85 121 
271 -80 124 
0 20 204 
14 -39 332 
263 59 344 
182 -89 61 
305 -11 247 
159 -21 63 
15 -26 95 
257 21 256 
44 -8 81 
257 -4 296 
78 53 134 
123 28 189 
353 22 352 
152 12 103 
300 -73 357 
295 -7 1 
1 46 317 
151 65 160 
