7 -61 177 
206 20 0 
225 -54 147 
39 -18 56 
301 27 237 
139 74 237 
38 -11 57 
194 -22 126 
353 -55 160 
240 -34 6 
110 2 274 
18 -85 90 
109 -68 255 
250 -36 253 
317 27 103 
167 68 262 
289 42 51 
30 -73 57 
57 0 266 
34 46 41 
21 -11 122 
157 -23 175 
263 -79 71 
221 76 340 
256 1 220 
133 -23 30 
135 -20 25 
21 -22 354 
88 90 279 
70 -23 164 
97 29 272 
285 -57 88 
194 30 167 
12 -11 23 
349 7 314 
347 -65 19 
165 69 309 
344 16 227 
332 -12 213 
248 -61 61 
224 68 243 
22 -69 101 
322 82 276 
105 -79 10 
327 -65 83 
16 -83 27 
211 29 333 
84 -8 103 
233 -57 274 
73 -85 314 
265 -69 227 
302 -38 326 
332 23 278 
215 -62 210 
358 40 252 
337 14 110 
263 54 282 
211 34 76 
234 41 161 
292 -78 241 
91 -14 208 
140 -58 241 
183 -44 141 
0 72 332 
254 42 174 
165 70 252 
109 -77 83 
93 -30 109 
27 -17 262 
316 -74 2 
190 46 234 
17 25 34 
211 88 274 
349 -29 164 
170 -25 96 
255 -50 308 
356 41 296 
313 -60 157 
177 -82 73 
271 -27 348 
30 -72 197 
305 -40 311 
232 -42 299 
17 -19 7 
144 -20 294 
215 -2 32 
162 -35 37 
156 -33 339 
196 -61 316 
339 -37 44 
236 -75 224 
189 -81 29 
21 -36 39 
202 8 291 
222 -78 66 
127 -80 62 
318 12 280 
38 17 87 
197 14 106 
9 -20 24 
