290 5 204 
115 1 205 
162 -30 132 
22 38 163 
308 86 56 
180 2 218 
219 16 212 
161 -67 11 
151 -4 9 
151 -63 237 
351 22 88 
170 -31 162 
70 -75 249 
62 -26 48 
83 -7 225 
165 11 55 
45 65 245 
253 -26 279 
181 -39 335 
184 50 144 
166 -70 206 
356 42 305 
245 55 311 
293 -52 171 
178 6 43 
61 -2 144 
119 56 2 
1 -88 144 
14 -32 125 
116 11 16 
140 60 43 
0 -46 219 
188 48 3 
4 -23 205 
299 75 326 
307 -48 32 
65 -22 264 
131 -83 261 
44 0 172 
109 26 214 
288 -33 123 
315 24 103 
129 50 345 
198 81 224 
203 87 5 
81 62 339 
352 -66 299 
342 50 97 
277 -30 334 
82 -50 62 
199 67 5 
212 64 170 
121 34 46 
324 85 238 
108 0 325 
10 83 231 
336 -58 66 
265 29 8 
281 -49 232 
214 -5 151 
282 -16 98 
3 10 122 
226 49 91 
178 64 315 
113 -33 108 
119 -11 274 
151 -47 104 
33 -84 240 
162 -74 15 
129 30 353 
177 -35 304 
283 9 168 
23 42 359 
185 49 42 
265 -30 242 
10 4 38 
78 -7 122 
101 80 284 
263 55 106 
277 -34 290 
155 57 348 
38 38 306 
55 -13 335 
185 -1 354 
19 -22 233 
236 -4 57 
8 -88 141 
334 83 244 
103 -88 337 
94 75 316 
190 -13 54 
31 23 182 
26 36 5 
278 55 37 
29 -55 204 
244 -25 60 
346 7 345 
348 79 22 
251 -49 276 
193 60 26 
