247 7 250 
204 -35 305 
42 -8 288 
135 -22 293 
280 43 201 
213 10 297 
113 9 299 
106 47 71 
48 -77 77 
321 56 12 
310 80 92 
296 -72 116 
162 31 233 
121 -57 74 
37 -36 259 
296 -61 40 
169 -1 290 
96 2 102 
37 -17 354 
237 -22 197 
8 -63 178 
284 -61 131 
357 26 170 
35 68 141 
308 47 75 
287 27 313 
216 -40 199 
1 -33 190 
243 41 58 
294 51 17 
217 39 267 
42 -70 143 
131 -87 307 
301 -47 200 
72 -64 255 
268 90 21 
310 -89 261 
224 34 51 
281 55 239 
160 -16 350 
92 2 307 
322 -47 48 
159 56 276 
209 -74 143 
131 64 284 
7 54 199 
31 8 324 
164 82 39 
57 -86 137 
92 -4 65 
160 -9 332 
125 2 355 
282 -51 171 
132 69 157 
41 -14 266 
63 18 213 
314 -43 17 
314 78 58 
158 52 93 
0 -71 147 
336 30 230 
321 10 199 
308 -78 358 
228 42 357 
271 20 300 
286 45 97 
179 -67 154 
339 -42 321 
320 34 281 
173 -35 199 
355 -65 38 
165 27 38 
301 35 44 
167 12 285 
171 -29 12 
174 86 215 
249 88 19 
122 17 60 
92 42 54 
145 11 39 
169 -66 331 
11 -52 222 
80 -39 238 
131 88 38 
204 67 246 
228 -15 248 
127 13 134 
106 76 265 
9 -70 319 
2 7 259 
234 -40 21 
212 -44 296 
353 58 70 
296 -7 307 
82 48 142 
353 -45 255 
164 -11 222 
106 -44 235 
331 55 143 
340 76 84 
