285 60 159 
190 -60 23 
150 -52 59 
202 63 331 
57 -30 263 
34 -48 2 
229 90 93 
185 59 207 
12 75 115 
268 42 97 
281 65 246 
245 18 314 
351 -60 83 
338 -73 210 
12 37 19 
290 53 76 
219 -15 274 
73 51 72 
254 79 249 
261 -30 203 
0 42 26 
215 -82 54 
284 74 173 
278 -63 260 
189 -22 194 
151 -53 3 
119 32 46 
132 -8 170 
201 -28 102 
82 63 211 
340 -78 104 
79 -58 52 
5 -77 267 
154 63 219 
263 2 52 
152 -9 355 
349 76 44 
262 85 274 
342 82 119 
33 24 164 
102 -82 80 
190 -77 254 
42 12 231 
235 81 218 
75 7 238 
212 -53 9 
141 -41 153 
213 -65 202 
147 -29 305 
290 57 92 
131 -76 50 
229 87 19 
91 24 323 
249 -75 254 
83 4 56 
307 84 202 
359 -16 315 
68 79 180 
132 42 359 
99 -81 122 
265 63 116 
264 54 88 
287 -47 2 
291 72 225 
139 67 124 
298 -35 26 
162 44 195 
180 18 248 
41 -36 158 
143 81 130 
319 -86 339 
147 27 329 
356 -27 59 
222 -56 268 
349 -42 99 
180 -74 340 
2 47 59 
281 25 185 
112 -77 213 
87 -70 128 
2 84 125 
179 82 104 
219 -28 141 
75 38 35 
150 4 227 
0 1 206 
205 -72 71 
123 -86 319 
336 -85 83 
301 40 148 
277 32 161 
23 -8 34 
87 45 320 
297 -11 266 
199 -55 100 
312 -16 104 
177 46 86 
87 34 343 
54 -2 248 
147 6 34 
