56 3 55 
194 -84 355 
257 -83 242 
61 -33 339 
73 69 217 
86 27 235 
316 79 132 
100 -17 231 
263 59 99 
115 -38 178 
104 74 231 
187 -63 148 
304 17 289 
242 -75 49 
233 57 150 
65 47 270 
310 -24 336 
52 57 219 
98 26 102 
256 -19 145 
286 42 214 
154 41 163 
14 -20 160 
47 -63 110 
307 39 72 
253 -62 24 
244 45 92 
184 -78 307 
306 -70 97 
146 -3 295 
309 -37 276 
87 -11 6 
60 69 174 
358 -17 320 
186 -31 156 
99 -56 75 
309 -64 223 
162 36 46 
283 -55 309 
120 39 117 
6 81 119 
352 -36 357 
145 -28 145 
327 68 234 
224 56 186 
247 54 88 
187 -46 122 
36 -56 166 
170 46 20 
117 79 117 
98 3 88 
56 10 83 
248 4 157 
286 27 34 
185 90 199 
218 26 190 
71 -46 259 
209 69 287 
330 -32 11 
251 -17 100 
3 -86 176 
186 76 336 
350 -31 205 
205 -66 225 
258 -31 85 
210 86 131 
278 74 291 
127 -23 158 
35 -22 80 
275 8 167 
100 34 331 
143 -34 336 
96 58 267 
358 -86 45 
210 48 56 
177 -1 206 
178 -62 254 
20 79 160 
306 -1 318 
20 -47 107 
104 36 70 
52 70 184 
113 43 113 
133 85 332 
96 -80 326 
71 80 336 
246 80 282 
26 -40 149 
347 -81 26 
282 -60 328 
297 -89 332 
356 16 300 
131 50 57 
351 -66 201 
330 -83 255 
131 -16 65 
240 -16 322 
102 17 320 
291 6 258 
178 -45 327 
