318 12 115 
328 -80 303 
234 -15 65 
90 0 354 
295 76 286 
144 -25 32 
159 47 120 
146 -29 16 
241 52 93 
131 -11 205 
22 -33 124 
50 60 212 
265 17 225 
91 35 8 
260 73 60 
77 64 196 
118 30 30 
276 45 214 
349 41 191 
73 67 279 
136 -30 15 
266 -20 335 
268 -12 135 
245 -87 167 
172 48 221 
144 -3 178 
32 54 252 
254 -53 97 
277 -7 149 
67 86 74 
223 -26 78 
219 81 215 
305 12 306 
133 -71 293 
167 -39 345 
41 2 186 
195 6 260 
258 70 31 
277 -64 301 
321 -72 123 
357 69 286 
170 82 196 
195 -73 154 
172 3 123 
321 -44 107 
304 47 292 
331 -37 328 
219 39 201 
20 -72 128 
353 -70 163 
50 -67 47 
170 75 224 
328 -54 93 
118 -87 123 
35 24 262 
349 -25 138 
179 -41 224 
353 -65 110 
57 66 188 
208 80 346 
106 -16 326 
4 -36 124 
27 13 231 
210 40 13 
195 51 32 
270 67 108 
210 55 196 
197 57 269 
228 -38 279 
9 -45 59 
66 -19 317 
32 56 240 
121 31 308 
78 -75 319 
24 33 196 
205 32 155 
158 -58 318 
198 -80 340 
45 11 77 
135 -79 233 
118 22 256 
8 0 156 
143 55 157 
13 87 26 
194 82 327 
262 53 67 
254 -56 332 
159 54 356 
35 27 226 
158 -66 287 
113 -39 317 
198 -14 229 
226 -44 172 
54 9 237 
124 -27 214 
295 37 231 
30 -18 290 
79 6 314 
45 22 79 
13 80 252 
