56 86 123 
180 57 262 
46 68 70 
65 -16 281 
275 -22 45 
31 -21 140 
139 -2 217 
85 69 316 
19 46 98 
19 58 290 
204 12 2 
270 34 183 
275 47 41 
258 -75 235 
124 -40 89 
2 65 339 
19 -38 135 
63 17 80 
184 -57 52 
160 5 141 
211 69 318 
169 -68 267 
33 -72 54 
126 -38 167 
320 18 259 
113 -2 62 
173 1 91 
214 -15 146 
178 -6 325 
42 -32 233 
77 -34 230 
336 -76 128 
148 40 86 
83 64 74 
38 17 319 
146 86 21 
75 19 287 
76 84 37 
321 -64 37 
139 -58 75 
268 21 119 
288 -21 71 
34 -53 34 
154 -65 168 
169 39 61 
146 -45 295 
42 20 128 
43 15 42 
53 -38 80 
129 27 357 
216 -61 48 
325 15 80 
253 -81 131 
3 -41 214 
89 46 9 
295 84 70 
225 86 257 
309 12 317 
114 28 6 
340 -61 64 
265 -7 292 
127 -86 300 
90 -89 228 
75 -12 328 
51 53 284 
23 -26 331 
338 19 319 
248 -74 40 
64 27 53 
352 35 29 
167 -81 263 
101 28 321 
322 -53 329 
304 -16 88 
78 -71 306 
247 13 25 
123 13 353 
71 40 273 
141 -80 16 
242 -1 231 
280 72 123 
211 -71 111 
351 23 100 
177 72 242 
28 66 24 
358 70 229 
92 -51 198 
224 2 355 
61 1 96 
151 66 106 
322 -17 325 
23 10 73 
91 68 91 
96 4 146 
148 -79 12 
162 -82 317 
286 -27 131 
62 -12 1 
41 -19 307 
263 -38 70 
