5 -76 38 
37 -33 327 
43 -19 143 
41 75 75 
133 -57 193 
267 32 242 
265 -10 122 
141 -79 115 
329 58 7 
310 -40 174 
250 57 212 
57 -82 111 
94 -30 276 
322 -80 275 
296 -43 257 
196 -12 160 
340 0 75 
342 -65 309 
61 -77 87 
11 3 259 
240 37 40 
356 64 345 
318 34 27 
16 -21 49 
65 40 154 
13 -54 253 
295 -87 122 
350 -65 21 
242 -62 198 
66 75 65 
243 22 123 
243 27 157 
106 76 216 
293 83 28 
341 21 326 
3 53 328 
274 -45 129 
251 -2 334 
284 44 19 
67 -80 183 
94 43 212 
60 -49 328 
274 -65 345 
283 84 291 
304 36 341 
86 18 145 
339 -47 228 
32 55 256 
353 52 173 
128 22 188 
48 80 81 
68 -40 16 
40 -79 52 
68 19 18 
201 -14 74 
248 38 9 
226 -44 14 
219 -60 5 
130 -8 251 
157 -42 112 
109 8 21 
233 25 296 
304 40 228 
236 25 99 
27 -10 29 
214 -55 172 
175 -48 91 
297 -18 213 
218 -41 292 
202 -82 329 
8 -60 197 
188 -54 29 
156 5 115 
86 -31 212 
228 82 253 
340 73 28 
228 -31 82 
211 -72 229 
64 -67 195 
187 13 335 
296 -80 50 
23 -57 44 
70 38 115 
17 -64 160 
5 -88 209 
20 79 26 
305 63 122 
302 -87 237 
244 57 171 
121 -24 80 
358 47 106 
274 3 58 
287 39 209 
108 -27 286 
186 15 89 
275 -57 112 
270 22 238 
310 41 76 
37 -32 261 
147 73 96 
