60 41 313 
336 65 150 
104 69 93 
302 -26 174 
254 -51 345 
307 85 352 
190 -3 135 
34 -45 0 
124 13 102 
96 -31 137 
8 7 71 
323 79 222 
62 -47 65 
342 -11 6 
95 12 108 
291 61 319 
64 -25 40 
59 -17 113 
243 -81 18 
17 59 358 
162 -8 327 
7 18 286 
82 32 246 
184 -35 87 
55 -24 331 
286 35 71 
67 42 237 
318 16 1 
315 47 184 
102 -36 50 
63 40 249 
285 -20 221 
295 -84 156 
289 -89 191 
53 60 57 
297 56 77 
116 -62 93 
220 -15 329 
270 -8 250 
176 -37 203 
52 55 92 
264 -13 115 
247 -13 118 
70 20 17 
55 47 109 
211 -83 117 
93 89 94 
172 -30 326 
186 -74 229 
21 23 7 
7 -26 357 
359 -39 322 
294 63 202 
305 -10 255 
301 -19 146 
78 27 192 
91 57 268 
239 -60 163 
39 33 129 
275 1 321 
171 41 265 
8 34 275 
292 64 347 
346 46 256 
109 -19 232 
358 83 96 
199 -86 321 
157 59 113 
31 72 263 
278 -84 200 
92 14 210 
101 -82 288 
196 -42 91 
98 52 299 
132 79 26 
163 57 2 
177 77 101 
171 67 19 
73 -19 163 
138 74 334 
258 7 215 
78 56 349 
248 32 25 
161 -74 118 
212 -44 69 
32 -56 102 
288 24 6 
96 -71 74 
36 31 83 
168 56 4 
342 41 232 
109 62 287 
335 46 161 
145 47 308 
62 10 338 
214 44 343 
120 -87 134 
0 52 21 
338 -87 88 
353 -27 266 
