163 -82 155 
344 -36 288 
118 -39 8 
175 31 202 
87 -33 168 
301 -18 319 
51 -4 60 
2 -28 74 
127 19 53 
105 90 303 
139 -37 326 
345 -35 177 
228 77 172 
284 -68 269 
160 -53 74 
243 -5 286 
146 71 171 
207 3 55 
293 84 235 
162 16 224 
348 -16 332 
5 -43 248 
123 9 202 
232 28 311 
258 90 155 
59 69 175 
304 -68 254 
249 26 310 
341 -75 294 
112 2 295 
353 -58 353 
142 55 315 
104 42 109 
313 21 187 
266 -73 253 
105 -63 254 
340 33 51 
187 -33 128 
246 -52 247 
182 -22 280 
247 -86 67 
111 15 331 
250 -76 233 
295 88 343 
36 30 325 
309 -35 108 
353 -37 57 
328 -84 124 
89 -31 188 
190 -8 60 
263 8 274 
290 -47 179 
5 18 24 
224 48 57 
244 40 108 
2 -89 208 
192 -13 349 
138 3 114 
153 71 333 
305 -29 294 
282 -12 226 
83 -73 91 
344 -40 206 
129 -26 2 
35 -31 115 
113 -81 35 
100 33 85 
357 -59 119 
129 -62 271 
163 -47 356 
137 43 316 
52 -7 271 
238 52 253 
329 22 219 
247 66 117 
231 9 71 
341 79 95 
188 -87 9 
358 87 35 
333 -7 111 
112 -88 223 
160 69 53 
107 49 82 
267 -8 5 
137 87 236 
217 -27 257 
161 82 326 
110 62 126 
166 12 132 
86 -28 319 
46 89 142 
278 63 187 
96 79 76 
187 49 73 
307 20 101 
181 -84 143 
17 -48 203 
300 21 32 
198 -11 177 
19 6 65 
