349 -35 152 
303 -17 252 
22 -16 141 
285 82 5 
278 -12 338 
306 -50 264 
197 -89 275 
183 -80 36 
254 22 192 
28 19 21 
30 42 84 
317 36 194 
239 76 159 
78 -17 31 
245 32 5 
223 24 339 
102 90 347 
277 17 356 
293 -39 226 
199 -83 312 
186 -6 265 
145 16 353 
249 -10 145 
130 -34 53 
343 86 115 
111 40 243 
225 44 19 
177 -70 80 
332 -86 86 
15 65 129 
223 -21 71 
286 31 214 
154 52 2 
183 -31 77 
197 -38 148 
60 -35 53 
277 -40 233 
168 -31 39 
264 -9 70 
39 88 186 
50 23 79 
151 -8 320 
142 -18 358 
10 48 187 
250 -88 82 
135 85 115 
45 -74 46 
101 -28 290 
68 48 194 
30 85 187 
108 -83 256 
157 -85 317 
253 67 89 
68 -83 333 
357 80 180 
4 -50 303 
223 -18 73 
85 -15 251 
147 44 86 
247 -59 225 
282 37 118 
201 39 177 
165 46 339 
286 -62 277 
60 -79 205 
113 31 234 
244 -3 318 
105 -40 67 
226 34 348 
54 -12 178 
175 -76 154 
303 -16 197 
305 -44 59 
280 -49 329 
256 -32 4 
310 -69 54 
123 44 257 
298 77 292 
121 -78 45 
306 89 86 
25 -2 252 
73 90 323 
238 36 359 
323 8 202 
200 9 196 
225 -61 11 
29 1 74 
73 -17 71 
244 82 22 
102 -58 277 
169 -67 282 
16 -73 218 
129 -89 74 
50 8 351 
224 -87 317 
284 39 200 
216 28 120 
188 52 64 
259 87 47 
135 14 125 
