357 74 238 
56 29 128 
69 -55 193 
255 5 237 
287 -65 320 
309 27 109 
176 -86 352 
230 8 151 
182 33 65 
359 -67 17 
146 -40 101 
293 -47 64 
211 -45 342 
143 -62 308 
282 44 3 
15 75 62 
332 22 295 
356 -11 132 
109 -27 110 
236 41 139 
254 -3 219 
305 -44 194 
289 62 243 
126 59 355 
204 71 44 
12 32 359 
304 14 147 
118 -69 5 
54 43 291 
240 79 335 
259 -44 293 
310 27 323 
91 82 34 
355 50 123 
52 -56 34 
110 -62 237 
238 64 233 
195 -84 296 
251 -8 164 
257 90 332 
181 -81 53 
85 9 238 
170 -6 191 
236 13 129 
54 1 238 
43 -59 44 
187 -78 56 
86 36 34 
58 11 202 
99 63 281 
278 -58 263 
4 -15 261 
56 -76 65 
270 -37 211 
301 79 158 
299 -27 44 
203 -40 34 
181 77 159 
59 62 293 
113 39 138 
120 81 345 
98 -78 93 
345 78 234 
275 46 308 
30 -82 98 
28 -38 102 
94 -34 235 
36 63 52 
116 25 341 
293 15 28 
115 90 152 
100 -36 84 
14 41 19 
281 54 146 
128 -24 330 
245 15 145 
316 -23 209 
245 50 255 
242 50 52 
29 -12 291 
120 17 19 
101 -10 59 
48 21 171 
151 17 165 
175 44 210 
317 0 248 
107 -34 108 
127 65 22 
77 -85 231 
201 -68 276 
243 9 120 
35 -8 40 
65 -24 169 
183 -86 148 
216 57 13 
57 67 96 
114 39 14 
139 54 327 
316 2 269 
221 74 201 
