342 -22 145 
22 -55 76 
161 38 161 
196 -23 60 
277 61 350 
97 -11 233 
126 2 152 
224 -84 333 
158 48 249 
82 -89 196 
37 30 98 
290 11 193 
256 56 292 
344 -4 355 
74 -50 333 
324 76 66 
226 7 265 
81 -87 209 
90 -54 223 
100 47 139 
73 -30 249 
250 -15 133 
149 -70 45 
248 -21 64 
118 -36 41 
124 -33 261 
227 -1 114 
238 -50 318 
177 10 100 
130 -66 286 
2 -26 66 
29 -84 68 
266 47 19 
245 15 115 
247 63 37 
337 67 159 
287 30 47 
351 14 154 
163 8 44 
141 -81 132 
282 -25 282 
174 89 5 
225 -45 147 
269 13 69 
175 77 104 
257 -66 153 
316 18 188 
245 -7 140 
250 -75 71 
354 56 107 
274 -70 232 
318 -55 160 
154 75 113 
128 4 47 
58 58 294 
325 9 321 
123 -52 347 
324 69 273 
153 -23 34 
264 -75 131 
19 -72 296 
36 -87 313 
123 -51 313 
97 -38 90 
346 -78 354 
133 -73 349 
208 -63 207 
309 -9 2 
30 -79 102 
265 2 39 
62 -9 3 
76 -59 177 
300 -76 357 
330 -20 23 
78 83 185 
347 -51 43 
244 48 159 
82 65 337 
17 32 354 
271 78 269 
29 62 216 
169 68 104 
24 10 105 
66 65 147 
27 -17 108 
243 84 86 
170 62 148 
236 -49 271 
237 -12 2 
160 -12 144 
99 -78 199 
265 -14 323 
319 33 248 
174 -42 95 
219 -62 199 
235 -67 42 
201 6 90 
27 42 145 
196 -22 286 
339 84 107 
