317 -57 37 
112 -38 187 
255 -58 249 
67 -24 239 
315 7 127 
268 -53 300 
191 26 284 
220 81 53 
228 -44 213 
338 15 188 
25 -60 85 
268 -47 200 
332 67 270 
168 -54 206 
73 58 227 
42 -17 352 
274 -57 196 
102 81 326 
287 -31 299 
322 -57 315 
290 9 218 
349 59 29 
178 -28 167 
94 -79 211 
315 89 180 
222 -21 310 
303 44 15 
325 44 306 
218 -81 277 
66 -82 36 
119 -55 56 
323 -69 174 
137 62 288 
54 38 9 
6 -65 121 
204 11 37 
127 45 275 
218 -44 295 
254 18 333 
127 -3 286 
225 -84 245 
218 -86 304 
131 -23 50 
197 -20 134 
213 -12 350 
274 18 15 
39 -54 177 
32 15 262 
355 48 291 
195 87 350 
169 34 66 
138 -71 317 
79 -29 156 
181 41 14 
185 32 252 
79 17 66 
172 58 102 
0 -83 39 
323 -38 139 
66 -83 272 
313 68 303 
195 79 341 
244 85 164 
154 20 73 
299 57 139 
48 -42 186 
168 -8 198 
105 -53 312 
309 -7 2 
357 71 96 
190 46 262 
306 -63 112 
134 -56 242 
22 -85 1 
254 23 84 
170 49 257 
299 -51 109 
96 27 57 
274 81 106 
274 -52 1 
335 -35 317 
246 -54 89 
197 -29 46 
267 -50 325 
133 62 235 
131 -18 231 
126 -32 179 
31 75 194 
251 53 334 
210 -55 220 
46 87 283 
167 75 264 
215 -17 84 
145 14 81 
253 40 41 
97 -87 348 
161 29 143 
8 64 148 
137 54 271 
129 40 284 
