339 -56 173 
138 7 2 
259 21 245 
144 -35 15 
129 -80 36 
167 86 230 
261 47 294 
146 74 153 
261 -88 247 
84 29 308 
75 16 352 
176 35 276 
6 -79 278 
271 0 68 
102 -50 224 
35 -41 293 
137 -30 88 
294 -37 190 
202 1 282 
186 1 322 
75 1 266 
39 32 76 
315 -71 68 
198 37 195 
6 85 273 
163 -85 334 
24 66 309 
270 83 62 
101 -50 56 
343 -69 7 
14 -25 29 
27 14 201 
175 -24 25 
49 51 257 
234 90 301 
45 -13 159 
103 57 36 
127 5 191 
132 24 94 
147 -61 152 
350 -5 326 
279 88 28 
273 71 334 
154 -5 21 
78 57 9 
279 -63 72 
294 -44 339 
287 -47 263 
92 -52 44 
192 57 208 
244 -70 328 
199 -27 15 
38 -26 183 
121 45 308 
165 32 341 
314 19 116 
92 11 341 
174 33 61 
351 19 228 
134 41 89 
117 -31 357 
206 1 339 
81 45 155 
236 71 39 
107 33 344 
37 86 112 
126 31 142 
62 10 28 
10 39 177 
182 -36 72 
280 -39 301 
204 90 204 
76 -14 114 
83 75 112 
243 67 38 
7 27 265 
137 -53 129 
170 -57 232 
1 -1 186 
339 19 102 
173 49 222 
4 -62 250 
303 6 68 
42 -10 65 
204 23 235 
315 -47 214 
65 -59 294 
210 -36 125 
195 -57 310 
226 74 79 
279 -66 25 
229 -29 280 
170 -44 126 
87 25 318 
6 -61 244 
297 -16 267 
288 -10 2 
79 73 260 
137 28 278 
326 -88 191 
