338 -1 218 
267 12 35 
212 36 46 
45 22 253 
76 -10 56 
54 -3 321 
131 11 122 
336 13 205 
218 68 325 
59 62 114 
14 26 19 
87 20 25 
200 41 22 
164 48 330 
268 -50 68 
337 -61 14 
92 -12 12 
98 76 33 
106 6 201 
247 10 288 
196 -64 13 
194 44 231 
173 42 341 
308 -14 234 
69 9 215 
347 -15 310 
49 -79 226 
75 -62 247 
55 45 255 
340 12 170 
53 3 276 
91 43 263 
279 90 323 
61 -1 351 
189 29 165 
245 2 209 
176 19 33 
128 30 133 
78 2 214 
36 77 308 
268 12 207 
23 53 53 
189 -61 317 
128 61 212 
31 10 149 
19 -7 260 
54 -30 21 
48 71 297 
139 -69 22 
334 81 236 
226 -89 187 
274 58 329 
347 -4 36 
274 -23 65 
278 6 186 
344 28 188 
99 -16 35 
61 -39 260 
102 16 111 
247 21 309 
60 88 222 
0 77 28 
126 -79 265 
245 87 125 
222 -69 28 
305 -79 167 
131 -4 348 
283 -85 278 
203 71 149 
329 -13 157 
330 -9 93 
67 -36 352 
140 -22 276 
118 75 206 
256 37 340 
161 -24 114 
283 35 195 
41 46 35 
98 80 36 
234 -40 323 
349 -38 257 
155 68 191 
14 -58 252 
264 -7 11 
134 79 184 
83 -14 43 
207 -64 338 
109 65 43 
24 -9 17 
190 -31 315 
176 64 194 
191 -87 205 
160 -35 121 
358 57 52 
215 79 357 
191 -84 106 
333 -36 180 
105 -43 230 
171 10 248 
313 86 326 
